7780
7960
8140
8280
8501
8520
8840
9173
9176
9463
9510
9547
9576
9603
9844
9932
9945
9958
9965
10259
10274
10288
10312
10309
10362
10377
10413
10426
10724
10728
10745
11056
11065
11082
11394
11418
11434
11454
11478
11783
11821
11831
11843
11859
11873
11881
12178
12183
12190
12200
12208
12225
12235
12245
12257
12262
12270
12281
12290
12297
12310
12320
12330
12340
12350
12355
12360
12365
12370
12380
12385
12390
12400
12410
12420
12424
12420
12367
12301
12295
12290
12270
12231
12179
12098
12034
11900